9.387269643650287
1448.8044799285906
29998.106746808262
357929.65716569166
3441792.8680274244
26479719.585337773
160260267.68928042
783278585.2455949
3490960048.9964285
13550350638.48289
42178151289.394615
112349060151.33737
264879664844.7537
526815512330.5838
955637321747.6259
1611094031654.5232
2563485118228.1143
3960556683652.9927
5821838317638.379
8021173353507.817
10591215157037.955
12870777771935.686
14584631619288.156
15611327874694.75
16085126718480.412
16227867291462.855
15890605455323.59
15100644213651.225
14208196146085.104
13368491499767.81
12451970491395.818
11475736004868.938
10576038302084.479
9746876899172.334
8892120128230.383
7942272028783.271
6946315208985.062
6007868024252.647
5196205054177.74
4494197751358.251
3887031635149.6694
3361893661240.845
2907701827607.0977
2514871310697.2593
2175112196621.9385
1881254538858.1873
1627097050658.3157
1407276239114.2417
1217153219209.7683
1052715819294.3826
910493912107.5598
787486184581.6685
681096801044.5164
589080623223.2196
509495831025.5643
440662944253.7867
381129380484.8437
329638801181.02655
285104599141.06384
246586967796.48438
213273068445.9004
184459876883.49146
157996901012.3588
133728577016.85988
113187867587.0697
95802211125.69542
81086991496.7883
68632029602.88132
58090149855.878494
49167502838.015366
41615374402.09602
35223252893.93388
29812961249.425488
25233690401.513607
21357795555.841026
18077238158.463753
15300574377.323633
12950406152.966648
10961223767.87091
9277579797.125887
7852543540.287312
6646392852.499151
5625506910.355259
4761429048.924669
4030073547.00982
3411054250.1890965
2887116317.3600383
2443655251.013522
2068309804.4578328
1750617418.4930985
1481722583.0125484
1254129994.261814
1061495627.143194
898449898.8139955
760447994.3561625
643643182.4230533
544779589.602869
461101444.6398654
390276262.74317986
330329828.78582597
279591167.08432215
236645963.8201692
200297143.77739033
169531502.493183
143491463.71022984
121451174.88433808
102796274.42210299
87006766.67086728
73642527.31022154
62331035.11537122
52756988.12165007
44653514.74616453
37794734.88115355
31989463.603408158
27075881.99392449
22917026.51965755
19396971.24623813
16417596.462815976
13895853.646127306
11761450.52608203
9954891.725275729
8425820.356273318
7131614.3495497815
6036198.385458904
5109038.313452353
4324290.028506059
3660079.080127572
3097890.933420036
2622054.8860467197
2219307.2555499184
1878421.6610974027
1589896.0939528246
1345688.0539216907
1138990.3688393177
964041.4481856026
815964.6817442942
690632.506628374
584551.3536102555
494764.2656957037
418768.4744848229
354445.6368039375
300002.7869908406
253922.35890905475
214919.88458063005
181908.19030905393
153967.09227758384
130317.74690373748
110300.9409793216
93358.71644490583
79018.81759897269
66881.52721577125
56608.52463543034
47913.45525142205
40553.94852479829
34324.862031392266
29052.563223370846
24590.08951225861
20813.051763174204
17616.167012352365
14910.323759254545
12620.098029827344
10681.650972444806
9040.94938307913
7652.259557837601
6476.872489754958
5482.024875329601
4639.985854480193
3927.284027234867
3324.0532006519375
2813.4786290321995
2381.3283116136167
2015.556282949592
1705.9668378874524
1443.9303315879372
1222.1426326567898
1034.4215242805958
875.5343781510123
741.0522976669633
627.2266647454035
530.8846490409807
449.34076694839837
380.3220251450539
321.90456208303925
272.46002134729963
230.61016206874106
195.18844117490048
165.20749661030305
139.8316251308381
118.3534875105664
100.17439182925831
84.7876052446349
71.7642290791016
60.74124349225598
51.41138849164114
43.514599219179956
36.830756778898234
31.17355253765366
26.38529486787746
22.332513576142016
18.902239490737312
15.998855504840273
13.541431299265053
11.461467451750304
9.70098605114774
8.21091459364378
6.949718112091849
5.882241410138144
4.9787291296017075
4.213996335323351
3.566726498172734
3.0188773080134856
2.555177753544593
2.1627024506118353
1.830511354181232
1.549344810176337
1.311365447314218
1.1099397146064118
0.9394529744597423
0.7951529975835144
0.6730174971594574
0.5696420095839602
0.4821449968854558
0.40808752536082815
0.3454052814643504
0.2923510302318869
0.24744591200574967
0.20943821992996547
0.1772685093451378
0.15004006630302422
0.12699391211984684
0.10748764722198562
0.09097754460105074
0.07700339374655314
0.06517567247330758
0.055164689187386026
0.046691392923866454
0.039519594962766594
0.033449385176540926
0.028311559618308568
0.023962904059797233
0.020282201996064005
0.017166855771612404
0.014530026725288091
0.012298214618163343
0.010409208854346024
0.008810354376544266
0.007457083942547151
0.006311675846904832
0.005342202437325438
0.004521640142410502
0.0038271162149222646
0.0032392711645973502
0.002741719114310051
0.002320591058009154
0.001964148271733375
0.001662455098680979
0.0014071019952504374
0.001190971127676373
0.0010080379619080615
0.0008532033303041848
